# Current failing seeds (re-verified 2026-06-11 against pokemon-showdown-ts@16c2c7e)
# 65 remaining: see git history for fixes
464445
481111
533594
590417
669203
726019
763038
793585
801099
804733
838923
899029
929455
947222
1003799
1011991
1013626
1030203
1073460
1076015
1097537
1122410
1148512
1153507
1158684
1183112
1218939
1238204
1267937
1271968
1275502
1284165
1308162
1350680
1351828
1439908
1445271
1482984
1486532
1525187
1534550
1616680
1648595
1658330
1711890
1723910
1726031
1809450
1870720
1968601
1970551
2048784
2148916
2197637
2202725
2208855
2253853
2314203
2339383
2349193
2357289
2367633
2394888
2404381
2435450
